<!DOCTYPE html>
<html lang="en">
<head>
    <meta charset=utf-8>
    <meta name="viewport" content="width=device-width, initial-scale=1.0">
    <meta name="author" content="Julian C. Stamm">
    <meta name="description" content="Hardware accelerated WebGL2 image black-white converter using luminance-preserving grayscale and a 9x9 gaussian blur">
    <link rel="preload" as="font" href="/fonts/JetBrainsMono-Regular.woff2" crossorigin="anonymous">
    <link rel="preload" as="font" href="/fonts/JetBrainsMono-Bold.woff2" crossorigin="anonymous">
    <link rel="icon" href="/favicon.ico" sizes="any">
    <link rel="icon" href="/favicon.svg" type="image/svg+xml">
    <link rel="apple-touch-icon" href="/apple-touch-icon.png">
    <link rel="stylesheet" href="/common.css">
    <title>Stencil Converter</title>
    <style>
        body {
            display: flex;
            flex-direction: column;
            align-items: center;
            justify-content: center;
            height: 100vh;
            margin: 0;
            overflow: hidden;
        }
        #canvas {
            border: 1px solid black;
            margin-top: 10px;
            max-width: 100%;
            max-height: 80vh;
        }
        #controls {
            margin-top: 20px;
        }
    </style>
</head>
<body>
    <h1>Stencil Converter</h1>
    <input type="file" id="upload" accept="image/*">
    <div id="controls">
        <label for="threshold">Threshold: </label>
        <input type="range" id="threshold" min="0" max="1" step="0.01" value="0.5">
        <label for="blur">Smoothing: </label>
        <input type="range" id="blur" min="0" max="1" step="0.01" value="0.5">
        <button id="download" disabled>Download Image</button>
    </div>
    <canvas id="canvas"></canvas>
    <script>
        const vertexShaderSrc = 
            `#version 300 es
            in vec2 aPosition;
            out vec2 vTexCoord;
            void main() {
                gl_Position = vec4(aPosition, 0, 1);
                vTexCoord = (aPosition + 1.0) * 0.5;
                vTexCoord.y = 1.0 - vTexCoord.y;
            }`;

        const fragmentShaderSrc = 
            `#version 300 es
            precision mediump float;
            in vec2 vTexCoord;
            uniform sampler2D uImage;
            uniform float uThreshold;
            uniform float uBlurAmount;
            out vec4 fragColor;

            float calculateLuminance(vec3 color) {
                return dot(color.rgb, vec3(0.2126, 0.7152, 0.0722));
            }

            vec4 blur(sampler2D image, vec2 uv, vec2 resolution, float blurAmount) {
                const float kernel[81] = float[81](
                    0.00024414, 0.00079346, 0.00183105, 0.00311279, 0.00366211, 0.00311279, 0.00183105, 0.00079346, 0.00024414,
                    0.00079346, 0.00257874, 0.00595093, 0.01011658, 0.01190186, 0.01011658, 0.00595093, 0.00257874, 0.00079346,
                    0.00183105, 0.00595093, 0.01373291, 0.02334595, 0.02746582, 0.02334595, 0.01373291, 0.00595093, 0.00183105,
                    0.00311279, 0.01011658, 0.02334595, 0.03968811, 0.04669189, 0.03968811, 0.02334595, 0.01011658, 0.00311279,
                    0.00366211, 0.01190186, 0.02746582, 0.04669189, 0.05493164, 0.04669189, 0.02746582, 0.01190186, 0.00366211,
                    0.00311279, 0.01011658, 0.02334595, 0.03968811, 0.04669189, 0.03968811, 0.02334595, 0.01011658, 0.00311279,
                    0.00183105, 0.00595093, 0.01373291, 0.02334595, 0.02746582, 0.02334595, 0.01373291, 0.00595093, 0.00183105,
                    0.00079346, 0.00257874, 0.00595093, 0.01011658, 0.01190186, 0.01011658, 0.00595093, 0.00257874, 0.00079346,
                    0.00024414, 0.00079346, 0.00183105, 0.00311279, 0.00366211, 0.00311279, 0.00183105, 0.00079346, 0.00024414
                );

                vec2 texOffset = blurAmount * 1.0 / resolution; // adjust the offset by blur amount
                vec4 result = vec4(0.0);

                for (int i = -4; i <= 4; i++) {
                    for (int j = -4; j <= 4; j++) {
                        vec2 offset = vec2(float(i), float(j)) * texOffset;
                        result += texture(image, uv + offset) * kernel[(i + 4) * 9 + (j + 4)];
                    }
                }
                return result;
            }


            void main() {
                vec2 resolution = vec2(textureSize(uImage, 0));
                vec4 color = blur(uImage, vTexCoord, resolution, uBlurAmount);
                float luminance = calculateLuminance(color.rgb);
                float bw = luminance >= uThreshold ? 1.0 : 0.0;
                fragColor = vec4(bw, bw, bw, 1.0);
            }`;

        function createShader(gl, type, source) {
            const shader = gl.createShader(type);
            gl.shaderSource(shader, source);
            gl.compileShader(shader);
            if (!gl.getShaderParameter(shader, gl.COMPILE_STATUS)) {
                console.error('Shader compilation failed:', gl.getShaderInfoLog(shader));
                gl.deleteShader(shader);
                return null;
            }
            return shader;
        }

        function createProgram(gl, vertexShader, fragmentShader) {
            const program = gl.createProgram();
            gl.attachShader(program, vertexShader);
            gl.attachShader(program, fragmentShader);
            gl.linkProgram(program);
            if (!gl.getProgramParameter(program, gl.LINK_STATUS)) {
                console.error('Program linking failed:', gl.getProgramInfoLog(program));
                gl.deleteProgram(program);
                return null;
            }
            return program;
        }

        let gl, program, positionBuffer, imageTexture, originalImage;
        let lThreshold, lBlurAmount;

        function initWebGL() {
            const canvas = document.getElementById('canvas');
            gl = canvas.getContext('webgl2', {
                depth: false,
                stencil: false,
                antialias: false,
                preserveDrawingBuffer: true
            });
            if (!gl) {
                console.error('WebGL 2 not supported');
                return;
            }

            const vertexShader = createShader(gl, gl.VERTEX_SHADER, vertexShaderSrc);
            const fragmentShader = createShader(gl, gl.FRAGMENT_SHADER, fragmentShaderSrc);
            program = createProgram(gl, vertexShader, fragmentShader);

            positionBuffer = gl.createBuffer();
            gl.bindBuffer(gl.ARRAY_BUFFER, positionBuffer);
            gl.bufferData(gl.ARRAY_BUFFER, new Float32Array([
                -1, -1,
                 3, -1,
                -1,  3,
            ]), gl.STATIC_DRAW);

            gl.useProgram(program);

            const lPosition = gl.getAttribLocation(program, 'aPosition');
            gl.enableVertexAttribArray(lPosition);
            gl.bindBuffer(gl.ARRAY_BUFFER, positionBuffer);
            gl.vertexAttribPointer(lPosition, 2, gl.FLOAT, false, 0, 0);

            lThreshold = gl.getUniformLocation(program, 'uThreshold');
            lBlurAmount = gl.getUniformLocation(program, 'uBlurAmount');
            gl.uniform1f(lThreshold, 0.5);
            gl.uniform1f(lBlurAmount, 0.5);

            imageTexture = gl.createTexture();
            gl.bindTexture(gl.TEXTURE_2D, imageTexture);
            gl.texParameteri(gl.TEXTURE_2D, gl.TEXTURE_WRAP_S, gl.CLAMP_TO_EDGE);
            gl.texParameteri(gl.TEXTURE_2D, gl.TEXTURE_WRAP_T, gl.CLAMP_TO_EDGE);
            gl.texParameteri(gl.TEXTURE_2D, gl.TEXTURE_MIN_FILTER, gl.LINEAR);
            gl.texParameteri(gl.TEXTURE_2D, gl.TEXTURE_MAG_FILTER, gl.LINEAR);

            render();
        }

        function loadImage(src) {
            const img = new Image();

            img.onload = function() {
                const canvas = document.getElementById('canvas');
                canvas.width = img.width;
                canvas.height = img.height;
                gl.viewport(0, 0, canvas.width, canvas.height);

                gl.bindTexture(gl.TEXTURE_2D, imageTexture);
                gl.texImage2D(gl.TEXTURE_2D, 0, gl.RGBA, gl.RGBA, gl.UNSIGNED_BYTE, img);
                render();
                document.getElementById('download').disabled = false;
            }

            img.src = src;
        }

        function render() {
            gl.useProgram(program);
            gl.drawArrays(gl.TRIANGLES, 0, 3);
        }

        function init() {
            initWebGL();
            document.getElementById('upload').addEventListener('change', handleImageUpload);
            document.getElementById('threshold').addEventListener('input', updateThreshold);
            document.getElementById('blur').addEventListener('input', updateBlur);
            document.getElementById('download').addEventListener('click', downloadImage);
        }

        function handleImageUpload(event) {
            const file = event.target.files[0];
            const reader = new FileReader();

            reader.onload = function(e) {
                loadImage(e.target.result);
            }

            reader.readAsDataURL(file);
        }

        function updateThreshold(event) {
            const threshold = parseFloat(event.target.value);
            gl.useProgram(program);
            gl.uniform1f(lThreshold, threshold);
            render();
        }

        function updateBlur(event) {
            const blurAmount = parseFloat(event.target.value);
            gl.useProgram(program);
            gl.uniform1f(lBlurAmount, blurAmount);
            render();
        }

        function downloadImage() {
            const canvas = document.getElementById('canvas');
            const link = document.createElement('a');
            link.download = 'bw-convert.png';
            link.href = canvas.toDataURL();
            link.click();
        }

        init();
    </script>
</body>
</html>
